


Budget=5
+----------+---------------------------+---------------------+--------------------------+---------------------+---------------------+----------------------+---------------------+--------------------------+---------------------+---------------------+
|  (S,T)   |           SS SP           |       SS Prob       |          SSR SP          |     SSR Nom Prob    |   SSR Robust Prob   |        MST SP        |       MST Prob      |         MSTR SP          |    MSTR Nom Prob    |   MSTR Robust Prob  |
+----------+---------------------------+---------------------+--------------------------+---------------------+---------------------+----------------------+---------------------+--------------------------+---------------------+---------------------+
| (3, 10)  |             NA            |          NA         |           N/A            |         N/A         |         N/A         |   [3, 4, 5, 9, 10]   |        0.1512       |      [3, 4, 11, 10]      |  0.2099999996526943 |  0.2873169646172432 |
| (2, 10)  |             NA            |          NA         |           N/A            |         N/A         |         N/A         |  [2, 6, 8, 16, 10]   | 0.11339999999999997 |   [2, 6, 5, 4, 11, 10]   | 0.11339999924742024 |  0.2641168104431553 |
| (20, 10) | [100, 20, 19, 17, 16, 10] | 0.19844999999999993 |           N/A            |         N/A         |         N/A         | [20, 19, 17, 16, 10] | 0.19844999999999993 |     [20, 19, 15, 10]     | 0.27999999965421796 | 0.29946255184008386 |
| (21, 10) |             NA            |          NA         |           N/A            |         N/A         |         N/A         |   [21, 22, 15, 10]   | 0.18000000000000002 | [21, 24, 23, 14, 11, 10] |  0.2116799996300067 |  0.2883970691407462 |
| (7, 10)  |             NA            |          NA         | [100, 7, 8, 6, 5, 9, 10] | 0.24192000000000005 | 0.24191999999999983 |    [7, 8, 16, 10]    | 0.16799999999999998 | [7, 18, 20, 19, 15, 10]  | 0.17639999928466746 |  0.2828738919775475 |
| (1, 10)  |             NA            |          NA         |           N/A            |         N/A         |         N/A         | [1, 3, 4, 5, 9, 10]  |       0.10584       |    [1, 3, 4, 11, 10]     | 0.14699999926709095 | 0.27122851418715366 |
| (12, 10) |             NA            |          NA         |           N/A            |         N/A         |         N/A         |     [12, 11, 10]     | 0.14999999999999997 |       [12, 11, 10]       | 0.15000000018040385 |  0.2999992330949645 |
| (13, 10) |             NA            |          NA         |           N/A            |         N/A         |         N/A         |   [13, 12, 11, 10]   | 0.12000000000000001 | [13, 24, 23, 14, 11, 10] | 0.18521999951000817 | 0.28231503809469205 |
| (24, 10) |             NA            |          NA         |           N/A            |         N/A         |         N/A         | [24, 21, 22, 15, 10] |  0.1439999999999999 |   [24, 23, 14, 11, 10]   | 0.26459999929176575 | 0.29560996444682847 |
| (18, 10) |             NA            |          NA         |           N/A            |         N/A         |         N/A         |  [18, 7, 8, 16, 10]  | 0.15119999999999995 |   [18, 20, 19, 15, 10]   | 0.19599999879514746 | 0.28654500264662647 |
+----------+---------------------------+---------------------+--------------------------+---------------------+---------------------+----------------------+---------------------+--------------------------+---------------------+---------------------+





Budget=5
+----------+---------------------------+---------------------+--------------------------+---------------------+---------------------+----------------------+---------------------+--------------------------+---------------------+---------------------+
|  (S,T)   |           SS SP           |       SS Prob       |          SSR SP          |     SSR Nom Prob    |   SSR Robust Prob   |        MST SP        |       MST Prob      |         MSTR SP          |    MSTR Nom Prob    |   MSTR Robust Prob  |
+----------+---------------------------+---------------------+--------------------------+---------------------+---------------------+----------------------+---------------------+--------------------------+---------------------+---------------------+
| (3, 10)  |             NA            |          NA         |           N/A            |         N/A         |         N/A         |   [3, 4, 5, 9, 10]   |        0.1512       |      [3, 4, 11, 10]      |  0.2099999996526943 | 0.20999999041158152 |
| (2, 10)  |             NA            |          NA         |           N/A            |         N/A         |         N/A         |  [2, 6, 8, 16, 10]   | 0.11339999999999997 |   [2, 6, 5, 4, 11, 10]   | 0.11339999924742024 | 0.12747646898976878 |
| (20, 10) | [100, 20, 19, 17, 16, 10] | 0.19844999999999993 |           N/A            |         N/A         |         N/A         | [20, 19, 17, 16, 10] | 0.19844999999999993 |     [20, 19, 15, 10]     | 0.27999999965421796 |  0.2799999880809632 |
| (21, 10) |             NA            |          NA         |           N/A            |         N/A         |         N/A         |   [21, 22, 15, 10]   | 0.18000000000000002 | [21, 24, 23, 14, 11, 10] |  0.2116799996300067 | 0.21167999039026886 |
| (7, 10)  |             NA            |          NA         | [100, 7, 8, 6, 5, 9, 10] | 0.24192000000000005 | 0.24191999999999983 |    [7, 8, 16, 10]    | 0.16799999999999998 | [7, 18, 20, 19, 15, 10]  | 0.17639999928466746 | 0.17639999149351232 |
| (1, 10)  |             NA            |          NA         |           N/A            |         N/A         |         N/A         | [1, 3, 4, 5, 9, 10]  |       0.10584       |    [1, 3, 4, 11, 10]     | 0.14699999926709095 | 0.14699999276394166 |
| (12, 10) |             NA            |          NA         |           N/A            |         N/A         |         N/A         |     [12, 11, 10]     | 0.14999999999999997 |       [12, 11, 10]       | 0.15000000018040385 | 0.24252014232847485 |
| (13, 10) |             NA            |          NA         |           N/A            |         N/A         |         N/A         |   [13, 12, 11, 10]   | 0.12000000000000001 | [13, 24, 23, 14, 11, 10] | 0.18521999951000817 | 0.18521999162499714 |
| (24, 10) |             NA            |          NA         |           N/A            |         N/A         |         N/A         | [24, 21, 22, 15, 10] |  0.1439999999999999 |   [24, 23, 14, 11, 10]   | 0.26459999929176575 |  0.2645999871984137 |
| (18, 10) |             NA            |          NA         |           N/A            |         N/A         |         N/A         |  [18, 7, 8, 16, 10]  | 0.15119999999999995 |   [18, 20, 19, 15, 10]   | 0.19599999879514746 | 0.19599999921990496 |
+----------+---------------------------+---------------------+--------------------------+---------------------+---------------------+----------------------+---------------------+--------------------------+---------------------+---------------------+