+----------------+--------+----------------------+---------------------+---------------------+
| Number of Arcs | Budget | Time to Create Model |  Gurobi Solve Time  |   Total Solve Time  |
+----------------+--------+----------------------+---------------------+---------------------+
|      500       |  100   |  0.7070868015289307  |  0.2547588348388672 |  0.2817196846008301 |
+----------------+--------+----------------------+---------------------+---------------------+
|      500       |   10   |  0.6702096462249756  | 0.23038673400878906 |  0.2463076114654541 |
+----------------+--------+----------------------+---------------------+---------------------+
|      500       |   50   |  0.9744195938110352  | 0.21741676330566406 | 0.23440814018249512 |
+----------------+--------+----------------------+---------------------+---------------------+
|      500       |  200   |  0.6622467041015625  |  0.206451416015625  |  0.2243657112121582 |
+----------------+--------+----------------------+---------------------+---------------------+
|      1000      |  100   |   2.57212495803833   |  600.0313472747803  |  600.0742461681366  |
+----------------+--------+----------------------+---------------------+---------------------+
|      1000      |   10   |  2.4404730796813965  |  6.203380584716797  |  6.237291097640991  |
+----------------+--------+----------------------+---------------------+---------------------+
|      1000      |   50   |  2.463449001312256   |  600.2793140411377  |  600.3272216320038  |
+----------------+--------+----------------------+---------------------+---------------------+
|      1000      |  200   |   2.44950795173645   |  600.0632228851318  |  600.1500353813171  |
+----------------+--------+----------------------+---------------------+---------------------+
|      5000      |  100   |   64.0789520740509   |  34.86395835876465  |  35.03354001045227  |
+----------------+--------+----------------------+---------------------+---------------------+
|      5000      |  200   |  63.580257177352905  |  11.60797119140625  |  11.779544591903687 |
+----------------+--------+----------------------+---------------------+---------------------+
|      5000      |  1000  |  63.53815174102783   |  600.2198238372803  |  600.4013779163361  |
+----------------+--------+----------------------+---------------------+---------------------+
|      5000      |   10   |  63.40948796272278   |  33.91829299926758  |  34.085864543914795 |
+----------------+--------+----------------------+---------------------+---------------------+
|      5000      |   50   |  63.26986837387085   |  63.64871597290039  |  63.82724976539612  |
+----------------+--------+----------------------+---------------------+---------------------+
|      5000      |  500   |  63.78047060966492   |  69.03246688842773  |  69.20605516433716  |
+----------------+--------+----------------------+---------------------+---------------------+
|      5000      |  1500  |  63.51017165184021   |  600.2319583892822  |  600.5152366161346  |
+----------------+--------+----------------------+---------------------+---------------------+
|     10000      |  100   |  272.26125478744507  |  65.41413688659668  |   65.9207820892334  |
+----------------+--------+----------------------+---------------------+---------------------+
|     10000      |  200   |  269.53701400756836  |  211.2243595123291  |  211.7519872188568  |
+----------------+--------+----------------------+---------------------+---------------------+
|     10000      |  1000  |  269.7430248260498   |   79.6610164642334  |  79.99912977218628  |
+----------------+--------+----------------------+---------------------+---------------------+
|     10000      |   10   |  270.31299018859863  |  12.956367492675781 |  13.477026462554932 |
+----------------+--------+----------------------+---------------------+---------------------+
|     10000      |   50   |  278.8948905467987   |  304.48236656188965 |  304.83242988586426 |
+----------------+--------+----------------------+---------------------+---------------------+
|     10000      |  500   |  273.6576359272003   |  239.24242973327637 |  239.80195355415344 |
+----------------+--------+----------------------+---------------------+---------------------+
|     10000      |  1500  |  271.3351776599884   |  78.34453582763672  |  78.68363332748413  |
+----------------+--------+----------------------+---------------------+---------------------+
|     17338      |  100   |  1469.456530570984   |  36.23893928527832  |  36.88970232009888  |
+----------------+--------+----------------------+---------------------+---------------------+
|     17338      |  200   |  1312.1181173324585  |  58.28373718261719  |   59.0701687335968  |
+----------------+--------+----------------------+---------------------+---------------------+
|     17338      |  1000  |  1265.799052476883   |  27.045333862304688 |  27.682806730270386 |
+----------------+--------+----------------------+---------------------+---------------------+
|     17338      |   10   |  1233.9169766902924  |  42.74565505981445  |  43.662381649017334 |
+----------------+--------+----------------------+---------------------+---------------------+
|     17338      |   50   |  1222.8779129981995  |  43.420982360839844 |  44.50687289237976  |
+----------------+--------+----------------------+---------------------+---------------------+
|     17338      |  500   |  1257.0879437923431  |  134.34095001220703 |  135.10398983955383 |
+----------------+--------+----------------------+---------------------+---------------------+
|     17338      |  1500  |  1298.6753461360931  |  26.838136672973633 |  27.770347833633423 |
+----------------+--------+----------------------+---------------------+---------------------+